Container:0.0:1000.0
Circle:75.39822368615503:452.3893421169302
Foursquare:60.0:225.0
Triangle:51.0:127.5
Foursquare:20.0:25.0
Circle:18.84955592153876:28.274333882308138
Triangle:12.0:36.0
Triangle:36.0:78.0
