Container:0.0:1000.0
Circle:62.83185307179586:314.1592653589793
Foursquare:52.0:169.0
Triangle:42.0:70.0
