Container:0.0:1000.0
Circle:75.39822368615503:452.3893421169302
Foursquare:60.0:225.0
Triangle:51.0:127.5
