Triangle:60.0:100.0
Container:0.0:1000.0
Foursquare:52.0:169.0
Circle:31.41592653589793:78.53981633974483
Triangle:36.0:12.0
Triangle:60.0:400.0
